
strategic_region={
	id=211
	name="STRATEGICREGION_211"
	provinces={
		605 691 695 709 722 749 751 774 779 3605 3608 3635 3640 3661 3763 3766 3775 3778 4270 4854 5205 6607 6610 6625 6630 6662 6676 6710 6769 6782 6797 7420 9580 9583 9585 9634 9667 9684 9711 9724 9743 9746 9747 10233 10303 10599 11567 11569 11585 11602 11641 11656 11669 11685 11695 11714 11725 11728 11731 13154 13155 13156 13157 13159 13199 13200 13201 13279 13280 13281 13282 13283 13284 13285 
	}
	naval_terrain=water_shallow_sea
	weather={
	}
}
